0.0890192985534668 38.16548808507297
0.10602259635925293 38.16548808507297
0.11502289772033691 38.16548808507297
0.12402582168579102 38.16548808507297
0.15203094482421875 38.16548808507297
0.15403509140014648 38.16548808507297
0.1580333709716797 38.16548808507297
0.2110445499420166 37.00977134527477
0.2140493392944336 37.00977134527477
0.2220466136932373 37.00977134527477
0.2270510196685791 37.00977134527477
0.251054048538208 36.906734958796456
0.2600562572479248 36.906734958796456
0.26806116104125977 36.906734958796456
0.2760624885559082 36.906734958796456
0.2990682125091553 36.906734958796456
0.3430778980255127 36.906734958796456
0.6679947376251221 36.50764747908976
0.9927175045013428 35.6226489163941
1.0147209167480469 35.6226489163941
1.0327248573303223 35.30888853217269
1.0627310276031494 35.30888853217269
1.2907829284667969 35.30888853217269
1.3397982120513916 35.30888853217269
1.3958086967468262 35.30888853217269
2.154977560043335 35.161667941244815
2.443105936050415 35.161667941244815
2.845193862915039 35.161667941244815
3.203824520111084 35.161667941244815
3.7112221717834473 35.161667941244815
3.9152801036834717 35.161667941244815
4.387385368347168 35.161667941244815
5.009428024291992 35.161667941244815
