0.07996726036071777 29.812415688165604
0.10608029365539551 29.812415688165604
0.12865495681762695 29.812415688165604
0.14065766334533691 29.812415688165604
0.16165900230407715 29.812415688165604
0.1636643409729004 29.812415688165604
0.1676619052886963 29.812415688165604
0.17766404151916504 29.812415688165604
0.1876683235168457 29.812415688165604
0.20367145538330078 29.812415688165604
0.2186737060546875 29.812415688165604
0.2546813488006592 22.563551523068206
0.26068687438964844 22.563551523068206
0.26668477058410645 22.563551523068206
0.2726891040802002 22.563551523068206
0.29569125175476074 22.563551523068206
0.3206956386566162 22.563551523068206
0.34470176696777344 22.563551523068206
0.3729231357574463 22.563551523068206
0.41193103790283203 22.563551523068206
0.461942195892334 22.563551523068206
0.481945276260376 19.94282643229549
0.4909491539001465 18.784281262900638
0.5019521713256836 18.766673413961392
0.5829677581787109 18.305005855955788
0.6109755039215088 18.305005855955788
0.6299769878387451 18.305005855955788
0.6419808864593506 18.305005855955788
0.6769909858703613 18.305005855955788
0.9700541496276855 18.109838560311005
1.3612549304962158 17.796574628389806
1.535297155380249 17.796574628389806
1.5683026313781738 17.704518774516437
1.6599938869476318 17.704518774516437
1.8860454559326172 17.704518774516437
2.0060715675354004 17.704518774516437
2.1060962677001953 17.704518774516437
2.1691079139709473 17.704518774516437
2.22412109375 17.704518774516437
2.334146022796631 17.613956845592703
2.681220054626465 17.613956845592703
2.707228660583496 17.613956845592703
2.7192318439483643 17.613956845592703
3.1346020698547363 17.613956845592703
3.370656728744507 17.613956845592703
3.5046844482421875 17.613956845592703
3.684724807739258 17.613956845592703
4.064807415008545 17.591993968350575
4.468899250030518 17.591993968350575
4.53891396522522 17.591993968350575
4.688948154449463 17.591993968350575
4.873961448669434 17.591993968350575
5.022997140884399 17.591993968350575
