0.896397829055786 27.068874825652678
4.777221202850342 27.068874825652678
5.180488586425781 27.068874825652678
6.099609851837158 27.068874825652678
8.477313756942749 27.068874825652678
10.851498365402222 27.068874825652678
10.908512353897095 27.068874825652678
11.095110654830933 16.701513528325812
11.371074199676514 16.701513528325812
11.483100891113281 16.701513528325812
11.67014193534851 16.701513528325812
12.493498086929321 16.701513528325812
13.830902576446533 16.147793069137848
14.117966890335083 16.147793069137848
14.32702088356018 16.147793069137848
14.546071767807007 16.147793069137848
17.144035816192627 11.824806677848613
17.367722988128662 11.767836428949437
18.137427806854248 8.629802574325565
18.94060969352722 8.55043470455446
19.827916383743286 8.167104088272756
20.93706440925598 7.548786110849491
21.951895475387573 7.179586801558726
22.54143238067627 7.130339387473483
23.31086802482605 7.115909260443887
23.884562492370605 7.115909260443887
24.86096477508545 7.064935593815894
25.898632764816284 7.056715413198834
26.80818796157837 7.056715413198834
27.64784574508667 7.056715413198834
28.098727226257324 7.056715413198834
29.9179630279541 7.03426757696241
31.084540367126465 6.935015829133608
32.07239103317261 6.930223710161749
33.12549614906311 6.930223710161749
33.67124056816101 6.930223710161749
34.42920160293579 6.930223710161749
36.912893533706665 6.930223710161749
39.04733324050903 6.930223710161749
39.81134796142578 6.930223710161749
40.7451913356781 6.930223710161749
42.03892707824707 6.930223710161749
44.623252391815186 6.930223710161749
46.82104706764221 6.930223710161749
49.8855140209198 6.930223710161749
52.23672819137573 6.930223710161749
54.47096538543701 6.930223710161749
57.004897594451904 6.930223710161749
60.8056378364563 6.930223710161749